0168:2A9A54   2A 53 65 61 72 63 68 44 00 00 00 00 00 00 00 00 
0168:2A9A64   00 00 00 00 00 00 00 00 00 00 00 00 30 AC 2B 00 
0168:2A9A74   40 AC 2B 00 00 10 00 00 00 00 00 00 64 61 74 61 
0168:2A9A84   2F 66 6F 6E 74 30 2E 64 61 74 00 00 00 00 00 00 
0168:2A9A94   00 00 00 00 00 00 00 00 90 AA 2B 00 00 00 00 00 
0168:2A9AA4   00 00 00 00 00 00 00 00 64 61 74 61 2F 66 6F 6E 
0168:2A9AB4   74 30 2E 74 61 62 00 00 00 00 00 00 00 00 00 00 
0168:2A9AC4   00 00 00 00 20 AB 2B 00 00 AB 2B 00 00 00 00 00 
0168:2A9AD4   00 00 00 00 64 61 74 61 2F 66 6F 6E 74 31 2E 64 
0168:2A9AE4   61 74 00 00 00 00 00 00 00 00 00 00 00 00 00 00 
0168:2A9AF4   94 AA 2B 00 00 00 00 00 00 00 00 00 00 00 00 00 
0168:2A9B04   64 61 74 61 2F 66 6F 6E 74 31 2E 74 61 62 00 00 
0168:2A9B14   00 00 00 00 00 00 00 00 00 00 00 00 24 AB 2B 00 
0168:2A9B24   04 AB 2B 00 00 00 00 00 00 00 00 00 64 61 74 61 
0168:2A9B34   2F 74 6D 61 70 73 30 2D 30 2E 74 61 62 00 00 00 
0168:2A9B44   00 00 00 00 00 00 00 00 D0 7E 2C 00 00 00 00 00 
0168:2A9B54   00 00 00 00 00 00 00 00 2A 50 61 6C 44 61 74 61 
0168:2A9B64   00 00 00 00 00 00 00 00 00 00 00 00 00 00 00 00 
0168:2A9B74   00 00 00 00 C8 B3 2B 00 00 00 00 00 00 04 00 00 
0168:2A9B84   00 00 00 00 2A 50 61 6C 4D 65 6D 00 00 00 00 00 
0168:2A9B94   00 00 00 00 00 00 00 00 00 00 00 00 00 00 00 00 
0168:2A9BA4   B8 B3 2B 00 00 00 00 00 00 04 00 00 00 00 00 00 
0168:2A9BB4   64 61 74 61 2F 70 6F 69 6E 74 65 72 73 2E 64 61 
0168:2A9BC4   74 00 00 00 00 00 00 00 00 00 00 00 90 C3 2B 00 
0168:2A9BD4   00 00 00 00 00 00 00 00 00 00 00 00 64 61 74 61 
0168:2A9BE4   2F 70 6F 69 6E 74 65 72 73 2E 74 61 62 00 00 00 
0168:2A9BF4   00 00 00 00 00 00 00 00 94 C3 2B 00 88 C3 2B 00 
0168:2A9C04   00 00 00 00 00 00 00 00 00 00 00 00 00 00 00 00 
0168:2A9C14   00 00 00 00 00 00 00 00 00 00 00 00 00 00 00 00 
0168:2A9C24   00 00 00 00 00 00 00 00 00 00 00 00 00 00 00 00 
0168:2A9C34   00 00 00 00 64 61 74 61 2F 62 75 69 6C 64 30 2D 
0168:2A9C44   30 2E 64 61 74 00 00 00 00 00 00 00 00 00 00 00 
0168:2A9C54   A8 B3 2B 00 AC B3 2B 00 00 00 00 00 00 00 00 00 
0168:2A9C64   64 61 74 61 2F 62 75 69 6C 64 30 2D 30 2E 74 61 
0168:2A9C74   62 00 00 00 00 00 00 00 00 00 00 00 BC B3 2B 00 
0168:2A9C84   B0 B3 2B 00 00 00 00 00 00 00 00 00 00 00 00 00 
0168:2A9C94   00 00 00 00 00 00 00 00 00 00 00 00 00 00 00 00 
0168:2A9CA4   00 00 00 00 00 00 00 00 00 00 00 00 00 00 00 00 
0168:2A9CB4   00 00 00 00 00 00 00 00 64 61 74 61 2F 65 74 65 
0168:2A9CC4   78 74 2E 64 61 74 00 00 00 00 00 00 00 00 00 00 
0168:2A9CD4   00 00 00 00 BC 51 2A 00 00 00 00 00 00 00 00 00 
0168:2A9CE4   00 00 00 00 00 00 00 00 00 00 00 00 00 00 00 00 
0168:2A9CF4   00 00 00 00 00 00 00 00 00 00 00 00 00 00 00 00 
0168:2A9D04   00 00 00 00 00 00 00 00 00 00 00 00 00 00 00 00 
0168:2A9D14   64 61 74 61 2F 66 74 65 78 74 2E 64 61 74 00 00 
0168:2A9D24   00 00 00 00 00 00 00 00 00 00 00 00 BC 51 2A 00 
0168:2A9D34   00 00 00 00 00 00 00 00 00 00 00 00 00 00 00 00 
0168:2A9D44   00 00 00 00 00 00 00 00 00 00 00 00 00 00 00 00 
0168:2A9D54   00 00 00 00 00 00 00 00 00 00 00 00 00 00 00 00 
0168:2A9D64   00 00 00 00 00 00 00 00 64 61 74 61 2F 67 74 65 
0168:2A9D74   78 74 2E 64 61 74 00 00 00 00 00 00 00 00 00 00 
0168:2A9D84   00 00 00 00 BC 51 2A 00 00 00 00 00 00 00 00 00 
0168:2A9D94   00 00 00 00 00 00 00 00 00 00 00 00 00 00 00 00 
0168:2A9DA4   00 00 00 00 00 00 00 00 00 00 00 00 00 00 00 00 
0168:2A9DB4   00 00 00 00 00 00 00 00 00 00 00 00 00 00 00 00 
0168:2A9DC4   64 61 74 61 2F 69 74 65 78 74 2E 64 61 74 00 00 
0168:2A9DD4   00 00 00 00 00 00 00 00 00 00 00 00 BC 51 2A 00 
0168:2A9DE4   00 00 00 00 00 00 00 00 00 00 00 00 00 00 00 00 
0168:2A9DF4   00 00 00 00 00 00 00 00 00 00 00 00 00 00 00 00 
0168:2A9E04   00 00 00 00 00 00 00 00 00 00 00 00 00 00 00 00 
0168:2A9E14   00 00 00 00 00 00 00 00 64 61 74 61 2F 62 6C 6F 
0168:2A9E24   63 6B 31 36 2E 64 61 74 00 00 00 00 00 00 00 00 
0168:2A9E34   00 00 00 00 2C AC 2B 00 00 00 00 00 00 00 00 00 
0168:2A9E44   00 00 00 00 00 00 00 00 00 00 00 00 00 00 00 00 
0168:2A9E54   00 00 00 00 00 00 00 00 00 00 00 00 00 00 00 00 
0168:2A9E64   00 00 00 00 00 00 00 00 00 00 00 00 00 00 00 00 
0168:2A9E74   64 61 74 61 2F 62 6C 6F 63 6B 33 32 2E 64 61 74 
0168:2A9E84   00 00 00 00 00 00 00 00 00 00 00 00 2C AC 2B 00 
0168:2A9E94   00 00 00 00 00 00 00 00 00 00 00 00 00 00 00 00 
0168:2A9EA4   00 00 00 00 00 00 00 00 00 00 00 00 00 00 00 00 
0168:2A9EB4   00 00 00 00 00 00 00 00 00 00 00 00 00 00 00 00 
0168:2A9EC4   00 00 00 00 00 00 00 00 2A 57 53 63 72 65 65 6E 
0168:2A9ED4   00 00 00 00 00 00 00 00 00 00 00 00 00 00 00 00 
0168:2A9EE4   00 00 00 00 28 16 35 00 00 00 00 00 80 15 01 00 
0168:2A9EF4   00 00 00 00 2A 42 53 63 72 65 65 6E 00 00 00 00 
0168:2A9F04   00 00 00 00 00 00 00 00 00 00 00 00 00 00 00 00 
0168:2A9F14   38 AC 2B 00 00 00 00 00 70 11 01 00 00 00 00 00 
0168:2A9F24   64 61 74 61 2F 70 61 6C 64 2D 30 2E 64 61 74 00 
0168:2A9F34   00 00 00 00 00 00 00 00 00 00 00 00 D8 B3 2B 00 
0168:2A9F44   00 00 00 00 00 00 00 00 00 00 00 00 00 00 00 00 
0168:2A9F54   00 00 00 00 00 00 00 00 00 00 00 00 00 00 00 00 
0168:2A9F64   00 00 00 00 00 00 00 00 00 00 00 00 00 00 00 00 
0168:2A9F74   00 00 00 00 00 00 00 00 2A 57 53 63 72 65 65 6E 
0168:2A9F84   00 00 00 00 00 00 00 00 00 00 00 00 00 00 00 00 
0168:2A9F94   00 00 00 00 28 16 35 00 00 00 00 00 00 B1 04 00 
0168:2A9FA4   00 00 00 00 2A 42 53 63 72 65 65 6E 00 00 00 00 
0168:2A9FB4   00 00 00 00 00 00 00 00 00 00 00 00 00 00 00 00 
0168:2A9FC4   38 AC 2B 00 00 00 00 00 70 11 01 00 00 00 00 00 
0168:2A9FD4   64 61 74 61 2F 70 61 6C 64 2D 30 2E 64 61 74 00 
0168:2A9FE4   00 00 00 00 00 00 00 00 00 00 00 00 D8 B3 2B 00 
0168:2A9FF4   00 00 00 00 00 00 00 00 00 00 00 00 00 00 00 00 
0168:2AA004   00 00 00 00 00 00 00 00 00 00 00 00 00 00 00 00 
0168:2AA014   00 00 00 00 00 00 00 00 00 00 00 00 00 00 00 00 
0168:2AA024   00 00 00 00 00 00 00 00 64 61 74 61 2F 6D 73 70 
0168:2AA034   72 64 30 2D 30 2E 64 61 74 00 00 00 00 00 00 00 
0168:2AA044   00 00 00 00 8C C3 2B 00 00 00 00 00 00 00 00 00 
0168:2AA054   00 00 00 00 64 61 74 61 2F 6D 73 70 72 64 30 2D 
0168:2AA064   30 2E 74 61 62 00 00 00 00 00 00 00 00 00 00 00 
0168:2AA074   DC B3 2B 00 E0 B3 2B 00 00 00 00 00 00 00 00 00 
0168:2AA084   00 00 00 00 00 00 00 00 00 00 00 00 00 00 00 00 
0168:2AA094   00 00 00 00 00 00 00 00 00 00 00 00 00 00 00 00 
0168:2AA0A4   00 00 00 00 00 00 00 00 00 00 00 00 64 61 74 61 
0168:2AA0B4   2F 68 73 70 72 64 30 2D 30 2E 64 61 74 00 00 00 
0168:2AA0C4   00 00 00 00 00 00 00 00 8C C3 2B 00 00 00 00 00 
0168:2AA0D4   00 00 00 00 00 00 00 00 64 61 74 61 2F 68 73 70 
0168:2AA0E4   72 64 30 2D 30 2E 74 61 62 00 00 00 00 00 00 00 
0168:2AA0F4   00 00 00 00 DC B3 2B 00 E0 B3 2B 00 00 00 00 00 
0168:2AA104   00 00 00 00 64 61 74 61 2F 68 66 6F 6E 74 33 2E 
0168:2AA114   64 61 74 00 00 00 00 00 00 00 00 00 00 00 00 00 
0168:2AA124   9C AA 2B 00 00 00 00 00 00 00 00 00 00 00 00 00 
0168:2AA134   64 61 74 61 2F 68 66 6F 6E 74 33 2E 74 61 62 00 
0168:2AA144   00 00 00 00 00 00 00 00 00 00 00 00 2C AB 2B 00 
0168:2AA154   0C AB 2B 00 00 00 00 00 00 00 00 00 00 00 00 00 
0168:2AA164   00 00 00 00 00 00 00 00 00 00 00 00 00 00 00 00 
0168:2AA174   00 00 00 00 00 00 00 00 00 00 00 00 00 00 00 00 
0168:2AA184   00 00 00 00 00 00 00 00 94 C3 2B 00 88 C3 2B 00 
0168:2AA194   90 C3 2B 00 20 AB 2B 00 00 AB 2B 00 90 AA 2B 00 
0168:2AA1A4   24 AB 2B 00 04 AB 2B 00 94 AA 2B 00 00 00 00 00 
0168:2AA1B4   00 00 00 00 00 00 00 00 DC B3 2B 00 E0 B3 2B 00 
0168:2AA1C4   8C C3 2B 00 00 00 00 00 00 00 00 00 00 00 00 00 
0168:2AA1D4   2C AB 2B 00 0C AB 2B 00 9C AA 2B 00 00 00 00 00 
0168:2AA1E4   00 00 00 00 00 00 00 00 BC B3 2B 00 B0 B3 2B 00 
0168:2AA1F4   A8 B3 2B 00 00 00 00 00 00 00 00 00 00 00 00 00 
0168:2AA204   50 1E 2A 00 5C 1E 2A 00 68 1E 2A 00 78 1E 2A 00 
0168:2AA214   88 1E 2A 00 94 1E 2A 00 A0 1E 2A 00 AC 1E 2A 00 
0168:2AA224   BC 1E 2A 00 CC 1E 2A 00 DC 1E 2A 00 EC 1E 2A 00 
0168:2AA234   F8 1E 2A 00 08 1F 2A 00 14 1F 2A 00 24 1F 2A 00 
0168:2AA244   34 1F 2A 00 44 1F 2A 00 50 1F 2A 00 60 1F 2A 00 
0168:2AA254   70 1F 2A 00 80 1F 2A 00 8C 1F 2A 00 9C 1F 2A 00 
0168:2AA264   A8 1F 2A 00 B4 1F 2A 00 BC 1F 2A 00 C4 1F 2A 00 
0168:2AA274   CC 1F 2A 00 D4 1F 2A 00 DC 1F 2A 00 E8 1F 2A 00 
0168:2AA284   F0 1F 2A 00 00 20 2A 00 08 20 2A 00 14 20 2A 00 
0168:2AA294   1C 20 2A 00 24 20 2A 00 2C 20 2A 00 34 20 2A 00 
0168:2AA2A4   3C 20 2A 00 44 20 2A 00 4C 20 2A 00 54 20 2A 00 
0168:2AA2B4   5C 20 2A 00 64 20 2A 00 6C 20 2A 00 74 20 2A 00 
0168:2AA2C4   7C 20 2A 00 84 20 2A 00 8C 20 2A 00 94 20 2A 00 
0168:2AA2D4   9C 20 2A 00 A4 20 2A 00 AC 20 2A 00 B8 20 2A 00 
0168:2AA2E4   C0 20 2A 00 C8 20 2A 00 D0 20 2A 00 DC 20 2A 00 
0168:2AA2F4   E4 20 2A 00 E4 20 2A 00 E4 20 2A 00 E4 20 2A 00 
0168:2AA304   E4 20 2A 00 E4 20 2A 00 E4 20 2A 00 E4 20 2A 00 
0168:2AA314   E4 20 2A 00 E4 20 2A 00 E4 20 2A 00 E4 20 2A 00 
0168:2AA324   E4 20 2A 00 E4 20 2A 00 E4 20 2A 00 E4 20 2A 00 
0168:2AA334   E4 20 2A 00 E4 20 2A 00 E4 20 2A 00 E4 20 2A 00 
0168:2AA344   E4 20 2A 00 E4 20 2A 00 E4 20 2A 00 E4 20 2A 00 
0168:2AA354   E4 20 2A 00 E4 20 2A 00 E4 20 2A 00 E4 20 2A 00 
0168:2AA364   E4 20 2A 00 E4 20 2A 00 E4 20 2A 00 E4 20 2A 00 
0168:2AA374   E4 20 2A 00 E4 20 2A 00 E4 20 2A 00 E4 20 2A 00 
0168:2AA384   E4 20 2A 00 E4 20 2A 00 E4 20 2A 00 E4 20 2A 00 
0168:2AA394   00 01 00 01 02 FF FF FF FF FF FF FF E8 20 2A 00 
0168:2AA3A4   F4 20 2A 00 FC 20 2A 00 04 21 2A 00 0C 21 2A 00 
0168:2AA3B4   14 21 2A 00 1C 21 2A 00 24 21 2A 00 02 00 03 00 
0168:2AA3C4   02 00 03 00 02 00 03 00 02 00 03 00 02 00 03 00 
0168:2AA3D4   02 00 03 00 02 00 03 00 02 00 03 00 02 00 03 00 
0168:2AA3E4   02 00 03 00 02 00 03 00 02 00 03 00 02 00 03 00 
0168:2AA3F4   02 00 03 00 02 00 03 00 02 00 03 00 02 00 03 00 
0168:2AA404   02 00 03 00 02 00 03 00 02 00 03 00 02 00 03 00 
0168:2AA414   02 00 03 00 02 00 03 00 02 00 03 00 02 00 03 00 
0168:2AA424   02 00 03 00 02 00 03 00 02 00 03 00 02 00 03 00 
0168:2AA434   02 00 03 00 02 00 03 00 02 00 03 00 02 00 03 00 
0168:2AA444   02 00 03 00 02 00 03 00 02 00 03 00 02 00 03 00 
0168:2AA454   02 00 03 00 02 00 03 00 02 00 03 00 02 00 03 00 
0168:2AA464   02 00 03 00 02 00 03 00 02 00 03 00 02 00 03 00 
0168:2AA474   02 00 03 00 02 00 03 00 02 00 03 00 02 00 03 00 
0168:2AA484   02 00 03 00 02 00 03 00 02 00 03 00 02 00 03 00 
0168:2AA494   02 00 03 00 02 00 03 00 02 00 03 00 02 00 03 00 
0168:2AA4A4   02 00 03 00 02 00 03 00 02 00 03 00 02 00 03 00 
0168:2AA4B4   02 00 03 00 02 00 03 00 02 00 03 00 02 00 03 00 
0168:2AA4C4   02 00 03 00 02 00 03 00 02 00 03 00 02 00 03 00 
0168:2AA4D4   02 00 03 00 02 00 03 00 02 00 03 00 02 00 03 00 
0168:2AA4E4   02 00 03 00 02 00 03 00 02 00 03 00 AA 00 63 0D 
0168:2AA4F4   00 33 00 11 3B 00 33 00 88 3B 00 00 01 02 03 04 
0168:2AA504   05 06 07 08 09 0A 0B 0C 0D 0E 0F 10 11 12 13 14 
0168:2AA514   15 16 17 18 19 00 03 00 08 00 2C 21 2A 00 00 00 
0168:2AA524   FA 00 00 01 00 00 0B 00 2C 21 2A 00 00 00 FA 00 
0168:2AA534   00 01 00 00 00 00 2C 21 2A 00 00 00 96 00 00 01 
0168:2AA544   00 00 0E 00 2C 21 2A 00 00 00 96 00 00 01 00 00 
0168:2AA554   0E 00 2C 21 2A 00 00 00 96 00 00 01 00 00 0E 00 
0168:2AA564   2C 21 2A 00 00 00 96 00 00 01 00 00 0E 00 2C 21 
0168:2AA574   2A 00 00 00 96 00 00 01 00 00 26 00 2C 21 2A 00 
0168:2AA584   00 00 FA 00 00 FF 00 00 3C 00 2C 21 2A 00 00 00 
0168:2AA594   96 00 00 FF 00 00 3F 00 2C 21 2A 00 00 00 32 00 
0168:2AA5A4   02 01 00 00 3F 00 2C 21 2A 00 00 00 64 00 02 01 
0168:2AA5B4   00 00 3F 00 2C 21 2A 00 00 00 96 00 02 01 00 00 
0168:2AA5C4   3F 00 2C 21 2A 00 00 00 C8 00 02 01 00 00 3F 00 
0168:2AA5D4   2C 21 2A 00 00 00 FA 00 02 01 00 00 3F 00 2C 21 
0168:2AA5E4   2A 00 00 00 2C 01 02 01 00 00 3F 00 2C 21 2A 00 
0168:2AA5F4   00 00 5E 01 02 01 00 00 3F 00 2C 21 2A 00 00 00 
0168:2AA604   90 01 02 01 00 00 00 00 2C 21 2A 00 00 00 96 00 
0168:2AA614   00 01 00 00 3D 00 2C 21 2A 00 00 00 96 00 00 01 
0168:2AA624   00 00 38 00 2C 21 2A 00 00 00 96 00 00 FF 00 00 
0168:2AA634   38 00 2C 21 2A 00 00 00 A5 00 00 01 00 00 38 00 
0168:2AA644   2C 21 2A 00 00 00 B9 00 00 01 00 00 38 00 2C 21 
0168:2AA654   2A 00 00 00 C8 00 00 01 00 00 38 00 2C 21 2A 00 
0168:2AA664   00 00 D2 00 00 01 00 00 38 00 2C 21 2A 00 00 00 
0168:2AA674   D2 00 00 01 00 00 38 00 2C 21 2A 00 00 00 C8 00 
0168:2AA684   00 01 00 00 38 00 2C 21 2A 00 00 00 BE 00 00 01 
0168:2AA694   00 00 38 00 2C 21 2A 00 00 00 AA 00 00 01 00 00 
0168:2AA6A4   38 00 2C 21 2A 00 00 00 A0 00 00 01 00 00 38 00 
0168:2AA6B4   2C 21 2A 00 00 00 96 00 00 01 00 00 38 00 2C 21 
0168:2AA6C4   2A 00 00 00 82 00 00 01 00 00 38 00 2C 21 2A 00 
0168:2AA6D4   00 00 6E 00 00 01 00 00 38 00 2C 21 2A 00 00 00 
0168:2AA6E4   5A 00 00 01 00 00 38 00 2C 21 2A 00 00 00 46 00 
0168:2AA6F4   00 01 00 00 38 00 2C 21 2A 00 00 00 3C 00 00 01 
0168:2AA704   00 00 4C 00 2C 21 2A 00 00 00 20 03 00 03 00 00 
0168:2AA714   00 00 2C 21 2A 00 00 00 96 00 00 01 00 00 00 00 
0168:2AA724   2C 21 2A 00 00 00 96 00 00 01 00 00 00 00 2C 21 
0168:2AA734   2A 00 00 00 96 00 00 01 00 00 4F 00 2C 21 2A 00 
0168:2AA744   00 00 90 01 00 01 00 00 16 00 2C 21 2A 00 00 00 
0168:2AA754   18 01 00 01 00 00 36 00 2C 21 2A 00 00 00 FA 00 
0168:2AA764   00 FF 00 00 37 00 2C 21 2A 00 00 00 82 00 00 FF 
0168:2AA774   00 00 52 00 2C 21 2A 00 00 00 96 00 00 FF 00 00 
0168:2AA784   00 00 2C 21 2A 00 00 00 C8 00 00 FF 00 00 3E 00 
0168:2AA794   2C 21 2A 00 00 00 96 00 00 FF 00 00 00 00 2C 21 
0168:2AA7A4   2A 00 00 00 96 00 00 01 00 00 00 00 2C 21 2A 00 
0168:2AA7B4   00 00 2C 01 00 01 00 00 00 00 2C 21 2A 00 00 00 
0168:2AA7C4   64 00 00 01 00 00 00 00 2C 21 2A 00 00 00 2C 01 
0168:2AA7D4   00 01 00 00 00 00 2C 21 2A 00 00 00 64 00 00 01 
0168:2AA7E4   00 00 41 00 2C 21 2A 00 00 00 96 00 00 FF 00 00 
0168:2AA7F4   3A 00 2C 21 2A 00 00 00 32 00 00 FF 00 00 3A 00 
0168:2AA804   2C 21 2A 00 00 00 64 00 00 01 00 00 3A 00 2C 21 
0168:2AA814   2A 00 00 00 96 00 00 01 00 00 3A 00 2C 21 2A 00 
0168:2AA824   00 00 C8 00 00 01 00 00 3A 00 2C 21 2A 00 00 00 
0168:2AA834   FA 00 00 01 00 00 3A 00 2C 21 2A 00 00 00 2C 01 
0168:2AA844   00 01 00 00 3A 00 2C 21 2A 00 00 00 5E 01 00 01 
0168:2AA854   00 00 3A 00 2C 21 2A 00 00 00 90 01 00 01 00 00 
0168:2AA864   53 00 2C 21 2A 00 00 00 20 03 00 04 00 00 54 00 
0168:2AA874   2C 21 2A 00 00 00 20 03 00 04 00 00 00 00 2C 21 
0168:2AA884   2A 00 00 00 96 00 00 01 00 00 00 00 2C 21 2A 00 
0168:2AA894   00 00 64 00 00 01 00 00 00 00 2C 21 2A 00 00 00 
0168:2AA8A4   96 00 00 01 00 00 51 00 2C 21 2A 00 00 00 C8 00 
0168:2AA8B4   00 FF 00 00 50 00 2C 21 2A 00 00 00 C8 00 00 01 
0168:2AA8C4   00 00 39 00 2C 21 2A 00 00 00 32 00 02 FF 00 00 
0168:2AA8D4   39 00 2C 21 2A 00 00 00 64 00 02 01 00 00 39 00 
0168:2AA8E4   2C 21 2A 00 00 00 96 00 02 01 00 00 39 00 2C 21 
0168:2AA8F4   2A 00 00 00 C8 00 02 01 00 00 39 00 2C 21 2A 00 
0168:2AA904   00 00 FA 00 02 01 00 00 39 00 2C 21 2A 00 00 00 
0168:2AA914   2C 01 02 01 00 00 39 00 2C 21 2A 00 00 00 5E 01 
0168:2AA924   02 01 00 00 39 00 2C 21 2A 00 00 00 90 01 02 01 
0168:2AA934   00 00 00 00 2C 21 2A 00 00 00 96 00 00 01 00 00 
0168:2AA944   40 00 2C 21 2A 00 00 00 5E 01 00 01 00 00 3B 00 
0168:2AA954   2C 21 2A 00 00 00 96 00 00 FF 00 00 00 00 2C 21 
0168:2AA964   2A 00 00 00 96 00 03 01 00 00 4E 00 2C 21 2A 00 
0168:2AA974   00 00 F4 01 00 FF 00 00 56 00 2C 21 2A 00 00 00 
0168:2AA984   96 00 00 FF 00 00 55 00 2C 21 2A 00 00 00 96 00 
0168:2AA994   00 FF 00 00 00 00 2C 21 2A 00 00 00 96 00 00 01 
0168:2AA9A4   00 00 4B 00 2C 21 2A 00 00 00 20 03 00 04 00 00 
0168:2AA9B4   57 00 2C 21 2A 00 00 00 20 03 00 04 00 00 00 00 
0168:2AA9C4   2C 21 2A 00 00 00 FA 00 00 01 00 00 00 00 2C 21 
0168:2AA9D4   2A 00 00 00 64 00 00 01 00 00 1E 00 2C 21 2A 00 
0168:2AA9E4   00 00 96 00 00 01 00 00 1E 00 2C 21 2A 00 00 00 
0168:2AA9F4   B4 00 00 01 00 00 42 00 2C 21 2A 00 00 00 96 00 
0168:2AAA04   00 01 00 00 42 00 2C 21 2A 00 00 00 A5 00 00 01 
0168:2AAA14   00 00 42 00 2C 21 2A 00 00 00 B9 00 00 01 00 00 
0168:2AAA24   42 00 2C 21 2A 00 00 00 C8 00 00 01 00 00 42 00 
0168:2AAA34   2C 21 2A 00 00 00 D2 00 00 01 00 00 42 00 2C 21 
0168:2AAA44   2A 00 00 00 D2 00 00 01 00 00 42 00 2C 21 2A 00 
